This is the Matrix in Row Marjor Order 
0.0247147 0.125399 0.819251 0.532086 0.727831 0.230711 0.289351 0.630422 0.43511 0.256905 0.584224 
0.819676 0.63623 0.619125 0.548096 0.540187 0.139102 0.325952 0.989551 0.501861 0.676983 0.500574 
0.314272 0.876695 0.609984 0.65458 0.665713 0.236419 0.814952 0.674216 0.78374 0.85187 0.537348 
0.861425 0.877481 0.858613 0.801494 0.706353 0.108267 0.0904306 0.60086 0.893366 0.189533 0.56726 
0.226493 0.705286 0.593558 0.716486 0.614686 0.818902 0.562785 0.30228 0.349316 0.871647 0.802668 
0.457803 0.338818 0.939858 0.43859 0.492998 0.239504 0.775487 0.0806234 0.551369 0.851778 0.661492 
0.665288 0.651428 0.709095 0.354621 0.925467 0.0434824 0.414021 0.867031 0.3224 0.339856 0.909772 
0.604498 0.448257 0.7353 0.0358854 0.0746633 0.830363 0.578446 0.867742 0.589221 0.498472 0.769204 
0.69693 0.168771 0.634107 0.707433 0.365696 0.320111 0.85419 0.369058 0.174271 0.852327 0.225049 
0.431098 0.590456 0.17711 0.570933 0.694897 0.455042 0.561858 0.147341 0.657021 0.939338 0.356496 
0.232882 0.424509 0.372569 0.282889 0.858608 0.469962 0.448537 0.0120701 0.503495 0.305155 0.161573 

This is the Matrix in Column Marjor Order 
0.0247147 0.819676 0.314272 0.861425 0.226493 0.457803 0.665288 0.604498 0.69693 0.431098 0.232882 
0.125399 0.63623 0.876695 0.877481 0.705286 0.338818 0.651428 0.448257 0.168771 0.590456 0.424509 
0.819251 0.619125 0.609984 0.858613 0.593558 0.939858 0.709095 0.7353 0.634107 0.17711 0.372569 
0.532086 0.548096 0.65458 0.801494 0.716486 0.43859 0.354621 0.0358854 0.707433 0.570933 0.282889 
0.727831 0.540187 0.665713 0.706353 0.614686 0.492998 0.925467 0.0746633 0.365696 0.694897 0.858608 
0.230711 0.139102 0.236419 0.108267 0.818902 0.239504 0.0434824 0.830363 0.320111 0.455042 0.469962 
0.289351 0.325952 0.814952 0.0904306 0.562785 0.775487 0.414021 0.578446 0.85419 0.561858 0.448537 
0.630422 0.989551 0.674216 0.60086 0.30228 0.0806234 0.867031 0.867742 0.369058 0.147341 0.0120701 
0.43511 0.501861 0.78374 0.893366 0.349316 0.551369 0.3224 0.589221 0.174271 0.657021 0.503495 
0.256905 0.676983 0.85187 0.189533 0.871647 0.851778 0.339856 0.498472 0.852327 0.939338 0.305155 
0.584224 0.500574 0.537348 0.56726 0.802668 0.661492 0.909772 0.769204 0.225049 0.356496 0.161573 
