This is the Matrix in Row Marjor Order 
0.973471 0.555262 0.274395 0.262862 0.671085 0.798137 0.128406 0.578612 0.121714 0.190179 
0.528546 0.0805424 0.272655 0.534234 0.758777 0.86496 0.402971 0.626418 0.770113 0.386561 
0.284691 0.66093 0.433981 0.238675 0.442337 0.963758 0.4755 0.0381559 0.0672131 0.58829 
0.169941 0.974406 0.305595 0.29373 0.00243451 0.381428 0.264016 0.225889 0.666693 0.365058 
0.679684 0.985302 0.352709 0.292039 0.587315 0.934033 0.761039 0.947886 0.2269 0.682613 
0.254991 0.215907 0.339495 0.0160604 0.14971 0.657878 0.395378 0.671857 0.346081 0.677665 
0.183181 0.672965 0.206501 0.697053 0.688049 0.694879 0.590779 0.548872 0.769954 0.745751 
0.94479 0.667269 0.439295 0.645251 0.569436 0.136267 0.768175 0.429315 0.467846 0.623993 
0.762053 0.151749 0.93821 0.0984804 0.644288 0.386756 0.252799 0.928006 0.585993 0.830248 
0.728122 0.585347 0.90088 0.760435 0.652775 0.294161 0.383142 0.902972 0.137466 0.869512 

This is the Matrix in Column Marjor Order 
0.973471 0.528546 0.284691 0.169941 0.679684 0.254991 0.183181 0.94479 0.762053 0.728122 
0.555262 0.0805424 0.66093 0.974406 0.985302 0.215907 0.672965 0.667269 0.151749 0.585347 
0.274395 0.272655 0.433981 0.305595 0.352709 0.339495 0.206501 0.439295 0.93821 0.90088 
0.262862 0.534234 0.238675 0.29373 0.292039 0.0160604 0.697053 0.645251 0.0984804 0.760435 
0.671085 0.758777 0.442337 0.00243451 0.587315 0.14971 0.688049 0.569436 0.644288 0.652775 
0.798137 0.86496 0.963758 0.381428 0.934033 0.657878 0.694879 0.136267 0.386756 0.294161 
0.128406 0.402971 0.4755 0.264016 0.761039 0.395378 0.590779 0.768175 0.252799 0.383142 
0.578612 0.626418 0.0381559 0.225889 0.947886 0.671857 0.548872 0.429315 0.928006 0.902972 
0.121714 0.770113 0.0672131 0.666693 0.2269 0.346081 0.769954 0.467846 0.585993 0.137466 
0.190179 0.386561 0.58829 0.365058 0.682613 0.677665 0.745751 0.623993 0.830248 0.869512 
