This is the Matrix in Row Major Order 
0.106337 0.719334 0.710025 0.950848 0.316244 
0.843459 0.322587 0.370492 0.922781 0.170073 
0.697133 0.38599 0.810594 0.98674 0.0904406 
0.134886 0.813567 0.23372 0.720836 0.821374 
0.344571 0.0738373 0.885491 0.868459 0.894814 

This is the Matrix in Column Major Order 
0.106337 0.843459 0.697133 0.134886 0.344571 
0.719334 0.322587 0.38599 0.813567 0.0738373 
0.710025 0.370492 0.810594 0.23372 0.885491 
0.950848 0.922781 0.98674 0.720836 0.868459 
0.316244 0.170073 0.0904406 0.821374 0.894814 
