This is the Matrix in Row Major Order 
0.646298 0.789399 0.424729 0.552176 0.211938 0.854123 0.418335 0.785691 0.0325682 0.110632 
0.788125 0.948627 0.976363 0.737692 0.821525 0.118424 0.92713 0.545323 0.596705 0.49559 
0.352981 0.556449 0.274172 0.799889 0.631988 0.324122 0.769853 0.162738 0.725705 0.917955 
0.414832 0.720535 0.566338 0.106583 0.747906 0.744642 0.193925 0.397163 0.18359 0.823027 
0.535836 0.472645 0.131678 0.701012 0.179157 0.828875 0.713577 0.343594 0.708165 0.622557 
0.947956 0.959345 0.140351 0.296575 0.792901 0.536093 0.482154 0.669794 0.978654 0.668602 
0.540281 0.489955 0.598414 0.375979 0.352657 0.864263 0.035745 0.783982 0.0222496 0.968801 
0.214925 0.0406858 0.678616 0.858337 0.738215 0.569943 0.943652 0.935603 0.963736 0.0436474 
0.836031 0.280725 0.911234 0.458886 0.144075 0.472728 0.142166 0.630106 0.285898 0.745058 
0.581723 0.946888 0.630832 0.975829 0.604397 0.555593 0.361386 0.922766 0.681978 0.0411692 

This is the Matrix in Column Major Order 
0.646298 0.788125 0.352981 0.414832 0.535836 0.947956 0.540281 0.214925 0.836031 0.581723 
0.789399 0.948627 0.556449 0.720535 0.472645 0.959345 0.489955 0.0406858 0.280725 0.946888 
0.424729 0.976363 0.274172 0.566338 0.131678 0.140351 0.598414 0.678616 0.911234 0.630832 
0.552176 0.737692 0.799889 0.106583 0.701012 0.296575 0.375979 0.858337 0.458886 0.975829 
0.211938 0.821525 0.631988 0.747906 0.179157 0.792901 0.352657 0.738215 0.144075 0.604397 
0.854123 0.118424 0.324122 0.744642 0.828875 0.536093 0.864263 0.569943 0.472728 0.555593 
0.418335 0.92713 0.769853 0.193925 0.713577 0.482154 0.035745 0.943652 0.142166 0.361386 
0.785691 0.545323 0.162738 0.397163 0.343594 0.669794 0.783982 0.935603 0.630106 0.922766 
0.0325682 0.596705 0.725705 0.18359 0.708165 0.978654 0.0222496 0.963736 0.285898 0.681978 
0.110632 0.49559 0.917955 0.823027 0.622557 0.668602 0.968801 0.0436474 0.745058 0.0411692 
